0,100,0,100,0,100
29.47509179754545,86.78240566898164,43.297802761228574
43.561042550494165,21.63506611352147,96.3897172222406
19.89454737524565,15.848588444300148,31.077469930650746
57.64448298771634,82.55056709124649,55.38750812529172
5.069031710447636,11.886703558084866,66.15395670929703
14.634965988847847,5.62111105207862,20.045184803379346
70.1580974016554,86.22899053770469,22.995426167752896
99.87207584006943,60.22692391914265,1.6474997284513515
50.08665079176713,6.981177205956879,10.145877661992841
86.416372922678,35.679507869321824,16.671855542261195
76.83320234737381,72.33708939858616,42.766345184544555
96.40393922554398,82.86417938575161,38.06448200026583
60.295974848733906,98.97754191894167,33.59205413726001
93.99047111731335,0.7668969517617197,49.47782964916103
25.284504568137322,77.15521019929298,74.2854064540954
5.384266939172622,6.194725313588034,63.9608954857992
87.65278280798488,40.06619575979514,16.923514342199685
57.66268812500158,77.2029167969715,67.18099970183854
93.95818390593868,59.53843372028245,82.91222070318453
16.24855814300504,14.829260757048068,28.919946866172253
49.3292722551278,98.59846600797727,83.59317889903124
57.132307434848094,9.205965171411023,91.70357344983945
10.586270377800023,52.193467603728806,32.040090051925496
88.46442247379119,93.79906869944129,27.939335271888588
30.244128741427645,32.84473218578773,34.627741088449916
17.46225570664692,12.286028326530973,34.64112727497902
3.6140214727579445,30.209115430365607,26.096588591091553
97.80183774167088,17.84829517365538,67.9790619253798
84.75969246121213,60.847191177568035,87.10131050001064
95.20773558311261,90.0951057382409,91.32535994393616
99.68726639222994,93.23856710708142,97.79135981134868
14.79664753588339,55.77927165351746,12.983294688346337
97.14362313621679,49.85636926941911,76.81555923093167
10.089946795761906,42.33424466307141,55.29969489715152
11.89531184434076,88.90410639645074,90.43926135514485
1.2721941608116794,34.8808836473779,3.5558468099397555
7.182353569258182,3.806350716086726,56.18816251935019
25.088096411533346,36.06379866215717,92.84899553891283
7.047495342232823,6.693403853089352,69.35644569490428
89.26960592926392,11.903204592659367,62.74384000780794
6.402273451038387,76.86742195454111,92.60394563647168
58.005533590361644,4.520123526845854,12.057385429527645
57.76271446465165,86.99067789411953,36.35968679605508
75.50620027521097,52.86465510487063,49.5656657000387
11.57417074539515,53.082179485681635,64.95203363380587
54.100088701358814,30.18111792407503,30.21637528673028
71.84541606777782,67.61799072494928,9.37125387366249
14.450959775143135,73.16438807444437,70.22846391078438
59.673153758161234,60.79500300390913,74.36118142856625
91.75274287771614,25.20622943482047,28.434420584083753
10.959772481662334,29.32652731342593,51.525253266234174
92.29391597241647,25.510672577226,82.33310269246536
14.149661185614516,90.79890622049388,90.81061535653576
74.22012991201588,62.28556650767576,16.166839740072536
28.823415808350827,41.899426358697724,67.38170212749776
52.63300065569096,99.3034151480766,58.59759324872792
19.262544158267147,46.70217792012392,10.41852001269259
26.989139835044153,34.55782414150346,13.831547744525263
17.308232870624984,5.199674857500125,78.63238437513081
61.136624943975505,41.3689082488901,23.504500507585433
19.742585386258938,66.30105765958653,82.87898849953787
2.2669553747654114,47.137668758836156,65.4370949687207
18.68257666018449,46.35398039369447,98.77234580957219
99.57467647254552,97.41741945431664,12.304109616820536
71.2390886992142,81.26260093733642,62.42653808531987
4.736959483901993,98.88918849085266,26.674138559872894
67.54757172368916,24.5271187083566,50.023741209196594
18.65941887832092,3.0189917336889915,25.199448077820087
92.63438660260923,98.92996206424812,31.269333850476976
77.06200326882325,10.720322811923078,85.39067536895436
4.312711741171449,81.6237673359949,72.92065812672568
7.239537364952264,68.70716198631118,35.79876868239341
73.36884374433745,95.55553398508026,75.76320081848885
95.46734772935855,68.30890455396779,18.565564022744862
12.5143168204072,37.4625404259213,66.25511694872665
49.656810642384364,83.20120807292963,7.74826501913256
91.28046691575102,50.82596384401913,77.30871825172542
72.02523003511713,65.96587480423808,67.45726377650628
18.747487603601087,48.50682247438443,47.195656708811676
52.08642514381917,99.96101101337527,73.2406794754963
3.1393644951239974,20.490911879556016,53.07297918452556
60.010011872787615,25.493474620077695,49.95681032100252
10.313580888676487,57.7667688388535,66.95534642581568
15.849938967898359,19.3235857942445,11.771220777209857
77.23157191323337,34.01030575972239,71.44525618555502
46.63809880548463,88.62752694484487,74.49159871397681
76.46110444514973,16.59204410578734,98.05715409322083
46.99124007427079,33.624147690391005,11.203037429967077
49.90328008975631,20.47394408707115,52.161042047739556
34.84465236774397,70.44165749735014,89.90275982269128
12.023497723453968,22.186706477396744,38.97078390892833
74.7199782376467,87.49589147657487,22.583498082696497
93.80511389587907,54.90399417385464,59.82375055859291
69.9595905792818,84.54285511369739,2.1498959454222866
49.7234823928059,76.39402749748493,30.388914018293345
79.75128014766084,93.55393173325288,40.82395795401472
62.84443476196822,61.502932062291016,74.46462684538143
85.65561246081936,55.83393852351873,72.05845692966837
54.24976852735448,21.940953553742194,66.53199513956521
54.30535504195546,98.73521623477943,1.6423595253054812
18.620485962372303,62.00848751128791,7.639446150306306
5.370415017561358,82.29104151736115,55.19404195038159
28.288974019924783,35.025215106744746,93.77985434654231
82.15945538273043,56.44622228689068,65.02086514791205
85.06904628954057,64.39621850007012,31.238056963468573
66.35952936843778,94.02954498933089,26.206146243756343
60.835053648241974,58.86090592623026,70.43198918872676
7.207058568296021,5.667820564793358,67.08987576045098
41.12429972028809,41.72688594625213,89.86664809861095
11.073673616706948,96.23455451191899,81.17809085354078
4.262073127519939,50.207040090687414,8.84666830380284
39.834781883783435,15.474176453707212,77.465507243577
54.9800819660548,50.11070777507908,22.121164896363265
24.76607723368611,29.777988381744912,26.391836858939964
29.21582107536036,40.55703794249268,76.63390701686698
9.927528505531424,90.62845123396434,65.97923648855671
48.7242478297317,50.24529424783227,87.73519172824025
17.62458689773205,51.271969773957224,65.107469785776
69.21189695546411,92.24606617581162,43.611352951073066
97.35579338788281,0.19731657059082197,49.5829903251197
15.063677370104466,90.48102458817363,43.935827659675695
99.13965071904566,58.56710900989406,16.40177296034381
72.25612647318779,55.428506046343365,75.16354197200104
1.7635327370085996,18.103536150213138,95.03846769468822
9.396270104859495,51.39932663087324,24.706872482500096
86.99821571147767,50.98732031295186,78.31883566196967
39.80428200271238,83.79703868494082,36.96828766105239
9.89939793525263,80.33532163886979,32.95700703292346
48.457147934014735,21.063154280593654,60.786539142283026
23.221185349839878,82.2775804522706,16.37154635134087
40.23504114366535,55.83899492560466,93.69452023076619
67.29032489370552,27.43352557668909,8.006879205218132
19.591658334970706,80.89458987125252,11.86373542184156
48.227226831359516,44.543732925776304,49.82913169029953
75.29197482888176,61.759312458011586,81.5827114074083
86.20011844896027,85.30618249570585,93.32494358312174
20.823396339284418,65.71769359343044,76.20234759609895
41.01061095573196,14.920479821669385,77.45047625521136
57.04893341803299,73.1781780921536,25.639587572943746
76.47906281615357,34.506017844332646,89.09046025237329
24.514470696007972,13.706119643837965,57.15594010974604
1.3642582758841448,66.04679349970513,21.16210048969709
9.376616943426008,34.171717702311696,87.32370031908744
81.68632111276246,24.131853511813194,14.915909016307804
52.82963304832715,35.377702320182514,84.24334428086232
10.407415124069075,22.224643572803558,72.03866291039338
5.208700495924889,87.2704145025123,68.6208516937318
32.88409624980472,74.22658867329798,68.14804704555921
41.80625865057323,81.2677227650398,74.05909618393585
75.29937547625848,83.1720558690358,89.45990123157284
69.05398495249393,76.91072212176397,4.568626762462702
34.96389500205193,74.1698578777669,18.90916915515576
71.34084207790403,28.011014763284724,84.65146524715442
80.7356851535847,94.18465275229424,63.12726011795754
65.81242492228961,48.289094510080275,72.09673292716562
87.45689754330465,55.68632585276615,42.640699188532516
41.50265562881784,79.83081242914083,69.95565894139425
62.71063233946932,73.29593746437239,79.35746628117164
3.3598568229344594,23.506546958271258,18.298290472254507
94.22110749584806,36.72882860805709,92.83390601558621
86.86054633040051,63.071516747111,44.00370584769322
41.91279344058285,73.08629300562363,61.15301770352701
95.8070450235288,16.493632021665682,42.866074598248346
23.748855080571097,80.98807630584163,1.89121005305809
93.99658979016033,63.222181593184715,18.970051900949326
4.448446202895717,74.42958038712194,47.50125954232477
22.881799504799684,98.81702048515174,55.45070965997563
5.249292608541611,62.656473973985804,1.734044516294475
21.245347170456206,85.62462556988645,48.28201575641703
76.72109773730736,76.74789816726262,52.686930612229396
12.020792432164985,65.71915983489272,55.071346902294735
86.47322939497187,57.449692252933396,58.4648213192253
72.91933518516643,6.735435144242419,58.876006088281684
13.972411197735468,61.19966213787594,0.6298642033015001
36.18511578402418,59.63486589967481,48.51010137228744
85.25357333615187,12.677506089204027,44.37879685587672
32.19933226896404,37.70480862787704,48.70563002315416
43.65113392695796,91.6515042177399,18.64169628072394
96.87423431688498,66.13392930519035,19.935958240251004
98.29502255679073,91.46937612183213,28.96487808809197
52.02451753273279,20.756446112743365,81.46593758637921
78.92665898462015,63.78557761826681,84.82850335837183
67.87098341174097,16.69997601866483,11.356145705516585
73.84843905824341,57.436143999361214,87.35038066513125
34.29290801104323,38.18197203978798,9.529357208256517
1.6604481517570435,66.35989152902818,63.247078155733746
40.353396841781816,8.584063388579965,32.193612288647586
44.56086473885771,26.99404925923141,37.9981429468101
16.139802355361454,9.394119146687718,6.868303321256397
54.69774430689538,92.5857987603133,3.0647652864470465
71.2727128450893,85.53015379465317,3.8647482715731263
54.28763612787942,16.858041633943454,95.7634365995512
97.11698442301102,96.58088375337202,99.49477092954851
69.02335770147491,78.27129470809957,65.1086786364128
44.83418902975153,45.77983544524978,76.37121380910736
53.5426466129165,76.67394609110612,83.77322075075625
83.29517785734089,13.45081023589988,44.5814100800064
95.36587802846104,97.94637060899336,49.73425148258641
60.230875535467185,88.9350180950976,75.8683209318105
4.315230394829306,10.589834479977656,98.27880233331216
4.115332173455255,24.00162698052165,94.48087166538434
13.622214666399168,35.877112425358106,98.61805507839709
57.75224989782157,49.57951635075403,52.69965899383855
99.94399674313627,24.379427138409394,1.4452052968684792
62.82100298438203,49.46391054019785,96.27883295208423
76.21551173706155,17.03147727926685,55.11647978074847
51.4459181789847,6.247328682512099,37.9184635683229
68.33454104177152,71.03404859609005,42.04018694506304
33.90674524961897,20.35593280790946,82.3537446938888
85.02079335003263,2.7788862185743834,65.91532769798641
30.77699582368617,48.151577269861704,52.46617488922819
10.275878573443853,32.11511540901708,63.48667597474105
2.935462738364236,7.282200289035301,22.078300588511723
23.45005365691145,25.225789794849895,20.10198103721188
19.895146665916485,1.4007359786888385,67.29215461771265
13.301507524792033,16.527642218842985,43.84635330447574
71.32158557256395,30.095306929297717,5.634633119537414
53.44291820655186,54.258673313677285,80.86579528253539
31.418431514970734,50.68762548468976,84.66751611219647
84.20731456660556,25.471033517798368,43.98909945627615
55.671966829007545,32.42452182280054,48.23148678771491
95.79452074300536,37.99870198678087,78.20427982785351
31.391858385938043,63.73586801690988,33.025437735024376
66.66539515046223,38.120846159527154,21.739862466588377
96.46474458229362,78.71246134706459,53.46384689589109
80.7027041455389,77.66200474611674,96.32783628059556
9.200416025269487,72.55855454945961,17.60716134549093
74.22608984298785,1.3792289635594868,68.5762420584684
11.549808109290648,53.855575907709444,9.533442386352053
69.76793346030631,94.779176305271,87.28320582631827
47.891000709342556,27.30218727940383,71.00310286684199
41.013945436704965,50.97654127377243,46.99878042494506
21.243035734712233,32.35534524798249,57.66079601628108
88.65666129930509,39.23508039945604,36.21662536657427
33.66927010985994,93.29934666025896,44.06023573637334
90.59704096020404,6.098753630448961,49.98405292020387
83.4829423839933,10.442644006389656,84.98664140665888
0.041666286358332805,13.924989950135524,83.44171059315124
79.80852545355363,38.67162376290446,72.74614319131659
45.33618994981383,80.89509377214422,16.328777087702296
93.14562285531704,43.12636901066749,88.37484403891332
24.926872603948812,84.20155432523735,39.27343053067823
72.13820668325559,90.11533933620267,94.10041610155139
49.391339050088334,24.237017625917446,87.43763592996666
47.19268851424122,81.74543671421218,11.269331388933711
70.19460640600838,47.170913591446705,75.57294216993296
83.44772756844982,15.231175402125064,13.813451697149704
21.27368357449392,49.08456536316474,94.62591824657427
67.45332388317792,57.08473095926265,56.809871335725944
40.923504265830765,71.43523483864782,22.821579228791478
51.158182793000506,86.29237050266919,29.777167227728306
52.92466670254841,27.34730106330805,91.23553998103378
58.71525627627094,98.71972710964681,98.61310090366615
95.49405995068872,97.8378907917822,84.55245646083699
80.94828772897593,40.49875727951455,87.49823778543227
79.08750071276341,17.425587264394892,59.40900000691233
7.089689014383326,28.77487646024428,52.510714798927516
52.246551765380225,59.87248385609727,52.83510182688853
87.26443837562734,42.75234886615156,44.540569383761216
69.98238098835074,7.917684747202102,88.75282277927661
42.966112579098706,53.51129912361788,49.38091340207064
27.718967709529018,35.45758146462957,43.7487070648099
47.842722871759676,2.045273914032053,17.4995940804584
49.738460051976396,72.93737174060145,55.62308141809438
82.03823355031253,77.56672416551471,37.877475936221
80.03500532155715,34.005316927328934,24.196194889534574
26.278749609430495,19.073303640941397,93.43863803888259
67.67049482581413,91.18336455586824,0.8775704919456007
55.01250929640902,27.943390211971654,31.07832103683952
95.778987173482,60.27025893763235,4.451179729334143
47.738547601313094,93.92805396327547,51.94853019285155
25.4329110942507,73.70174584237174,7.536159805102949
80.01855519998794,56.64863859756828,38.089037005431024
11.250825593682979,91.97807204859106,57.11413607963423
43.0230912703544,11.285931066009947,87.8025927987486
82.63570541309,53.15606618424509,62.76329990326565
60.798256653719044,17.34562181883259,76.44853070914608
58.65697435957122,10.44633929633626,17.11368796295625
2.6696024024710163,80.73597751679222,60.63797518233888
40.72029323725281,39.739949271439635,29.923196635434447
24.752716731659273,26.595260776194074,83.79948746186669
92.60011745572686,47.471777173195385,67.42901183366044
78.61188226628963,32.59059130749728,18.685933316590486
38.18135029667483,90.24678871662984,11.004869033056497
39.87612821265816,75.91215126073905,23.130923577381225
28.047088399871633,97.52870199125525,61.27694051035761
83.25415998155304,96.15125914832835,47.92165570269577
62.60645015754538,27.85764577264336,89.90386085254299
40.07800406298499,19.286737222528995,50.53024802453135
94.80556171047834,39.453387971899254,94.68474732975666
45.65162054962849,76.47926606661619,11.7874647873757
14.174219333342897,2.1849429036302714,59.57614532058797
34.36620785843988,66.64633819812742,36.52398960678111
19.28746427003768,24.745117686443507,97.2415167287251
20.098060375626194,69.90899467900384,84.95877576450688
76.01001882773127,91.96217858625832,5.747185700945179
68.33220907224833,3.604785922616327,76.555369479335
55.339836740381365,23.833739566268463,65.55631161359324
91.07046689689301,23.057173031026657,81.74380818987271
77.97218490460419,13.647688242148392,38.4808949072992
2.6361774841607177,55.01566993713948,62.53770878600153
30.237950503439603,18.066985974879046,67.18916586501288
67.89856479920198,37.10201242228002,12.936159151807914
44.47036172172134,26.324520190986213,91.86838741705441
86.41500304778084,20.654728897694074,46.074548481931586
55.644931651749985,80.29274337855696,60.69330123428654
25.42993170421376,18.987113685543488,75.74754806105052
83.10643540640913,18.750135233440425,39.24870152361969
80.18438859545537,63.1270453508893,96.2217501714952
20.789433601776153,54.44019276512658,95.00695337772135
70.71685490654693,95.30997872610757,60.68788979400219
52.55999383612128,94.85810007744003,70.10843112299179
86.98454488785293,16.340117081480642,91.82585294492408
94.2242511075257,32.176967942567266,36.78417129401063
35.50389269026748,26.559971984405017,54.589356892192995
75.25243744892946,76.17537531468915,58.486788495737606
37.81250082115665,86.75587341120884,50.79757806003931
71.27132324920572,59.81389247455583,12.822350446746055
0.0250949908877085,72.7967478423126,2.470507343288253
40.53980956654232,74.94219135437983,74.14878088043339
43.96692245373529,75.43539155835687,1.2697789270313065
57.49753755622571,74.76335119005013,32.61876181320807
24.357161162351314,41.16279507731812,56.68467788342536
7.141930118303785,5.738660932283334,25.065856532054063
5.955610381268206,44.62175035211674,27.160583572785434
92.83636606927939,27.401321158418934,43.153019268327064
66.59789917107547,45.101707186193295,88.68712817901006
57.04375964854202,65.96860903775972,59.078588344506045
66.5573630061515,92.4471463100804,5.113715077059444
65.48495273206196,62.32579731873393,42.97378430371995
98.6162016334652,24.24391336199073,24.064386312790543
10.910216884963974,33.09277323069688,42.86530534872652
69.70610505344162,42.54667491881666,78.98454156188195
82.74961788938523,14.32105366183527,55.89579546458642
33.07300593676923,94.69005293160416,99.55562244467767
17.966476757719974,11.00770632196455,54.935167359223215
6.909432785442283,91.75366255525434,16.48855540520734
11.577483370829334,88.22149216935527,10.03211623181629
24.023533047988565,37.89619097227674,2.7829850085511865
84.94657011641607,35.519066706926964,3.911756497692176
18.71649970930962,26.39678337215242,95.57949112813164
10.027193198227756,1.4555951140497458,19.23879234660496
33.96965780532096,84.51602449375044,0.3046278017321158
75.33144266496362,30.31769386475035,59.108747215639404
16.616244396670467,25.273990039162896,20.031317292936645
38.7383778873565,88.50504361901682,31.8563406410872
7.3479919339894835,58.76600060518238,61.392355049795114
49.63170113307228,56.47625359104773,5.958495278715081
86.15610001038226,4.585925500217581,5.336908312049093
57.20736702960245,61.411994082886814,86.30249048970026
38.465747700587684,73.57677577632951,63.9854600016873
89.49444123684705,93.55508019277956,2.630424194101344
98.48938825233576,44.61290755448481,29.24715913630522
17.69638855778868,80.46342686796632,26.017734554334826
97.65637918049033,41.556317071082624,39.22813669911136
46.95616336696962,67.1530800812079,71.66872880593964
5.636675514123679,65.97137775331477,8.959964782732289
86.96572481888252,78.46727115886566,22.07559836937467
95.22206754279779,40.85785460682618,33.813715501275574
84.67034435272438,36.22150740711771,51.09855848608802
11.583954647504967,31.045292019766634,80.00623914071991
24.977307816612072,80.52401503942954,67.43364842633382
63.26653377614776,93.49260151225855,70.8175152253996
79.70599176982367,53.274888408162354,32.429307131582085
68.23199529479218,61.40180526893537,20.678241992437496
93.5650983736756,87.56254193330042,8.328817403750833
52.58696832511836,35.6853421978331,63.55465999070135
78.29537885984563,35.835675451827996,57.07532686968776
57.94257879714326,0.9293207872614451,2.62307635673269
85.35452047416682,90.33724533922764,24.945061630085497
34.14152865440017,29.737105643070592,78.2675526946884
44.0799546631011,76.97039496293779,12.902013773771092
15.62102814506028,45.31547978180709,12.41251382230637
70.80154691345801,74.06069967439784,0.6056109253379405
59.2463478015819,7.134446636980418,69.37957819688333
8.16277750423884,77.73804961146365,13.34211210322115
87.8127771912218,99.83014464616244,20.344601283705753
9.934003375749189,64.87722971001882,74.73317976714105
3.8170896899638374,91.40970288906615,10.130039749189823
39.656628938894,70.68056154731546,31.215308689060773
14.702725224356861,97.41654469031165,49.48037303449235
73.55130876918605,37.350655680934395,64.97377524509376
24.1732247370576,23.215809926679487,73.52604643771386
99.86176844527873,60.9751678169385,35.419626816510764
40.57886937648787,41.650216102419954,43.29567496734646
30.821487718471673,79.28588447505777,65.98990639788143
62.232207070993304,19.960147431020992,78.92884398167445
44.5526176894233,96.57798459112954,86.52348290008912
39.0434892477498,37.10044677839674,6.9793154314420125
6.238703483249242,26.36421956702043,21.105794189302895
34.13789181998824,30.50700049847198,62.277835308077925
78.30901426715478,59.87943823278241,60.9221390197366
61.68539321624738,49.292490951762524,78.11445615443857
88.06361705264744,54.72760158219664,74.64498957834182
96.29768665195073,94.28519001987502,75.82140333334625
43.72877354669614,35.852166288128686,66.11331805178007
69.38461303851952,45.57858812245886,86.39943070594335
14.769377973839394,12.046336191114504,28.245463751607282
52.080343681479135,31.01923028399498,70.32447382870676
80.34376798430827,91.91876221947958,80.03543476198578
23.37156416080437,58.69022817048343,20.512198603162425
31.797052571833852,88.45643289950014,47.759683883330695
23.28653550747871,11.127343862379535,71.10117723177481
39.042290100757924,60.65498142849314,43.23687191797965
41.72669416884415,85.1224355430475,43.17082098552345
64.36282910410372,51.86587664002903,1.6617319876724435
73.25260721798698,11.30600636699086,46.532920317508044
71.13119810808493,6.168465647964172,92.74255107940814
12.442184030407022,35.35627403919397,95.1260116388973
91.34386083181543,45.63097341642119,80.65332736342397
24.566529066371302,47.10533988440796,58.29570000226395
16.109584491340755,63.86122559762302,30.02385661224939
34.51794106592775,2.927654867526186,51.15087062302598
47.590671637105416,48.249355408468645,60.470705717253615
99.16929133627204,41.82413605314146,48.41286845995194
91.48879372766957,73.96885701956334,15.065881949262504
69.24532556727397,54.324335367223355,26.9961552436356
37.631046900582824,2.096717439665474,28.91244628257691
28.241697138146137,76.22420632668245,48.653153746110036
40.48677819001066,36.74970004747563,12.868455184247097
51.110784672561,8.674544107614334,72.6229934977981
35.64901843949222,78.51894062221665,96.28129862392397
5.76623842709213,73.13292661872892,83.80853939804747
6.2741014178997805,64.42496632815768,64.75572186302358
37.05121383941692,61.291295659392,71.22558118158015
8.853119196743664,77.96810113794311,99.67509183468228
8.459561164834229,40.94852668812698,5.489695182388699
92.19805345658497,84.44954866904946,4.80256833324213
89.53477542951187,44.18303373602479,58.50806094548271
45.255398488072686,45.83402522354534,40.63272545401567
87.43248155709146,68.74435367553022,58.185539879119894
97.5391517907502,79.58310170306584,78.08526215056774
36.33956949277884,72.80601497781312,33.52768832912657
33.53507891661057,39.80784466217422,53.20937994021347
57.030982175554,89.5699221684741,29.478142555244137
29.67345128341655,0.23929475696977676,40.606951098805986
10.08709230860143,42.81874000358942,35.65631096316038
87.04335558539873,62.377021013318114,65.54550840980124
81.15144760026887,73.65381286178143,9.891986724293256
51.79764917428944,6.212287796314186,75.36109834644648
51.82435612403409,85.82761437859124,90.20319967786762
26.452384977465815,75.52194474691696,84.1707606852049
74.57081483218766,43.73596168383386,44.004641793250755
44.53271807247094,17.722162293528022,12.453560309676448
52.351179208214724,17.542955999162913,22.023548626468248
24.464635752604547,44.74661130426011,31.359857229809418
18.498867225871194,87.59550196874522,37.03693205107196
37.704366167546496,17.940837962755886,2.123350923414924
88.22721977074447,91.10458056969973,16.223118150729942
95.23157530420237,34.77130393610383,36.76914728905868
60.84160032168675,51.5681343690923,23.146154564577593
29.886194166054846,51.19490481824275,80.8821477451112
42.27125833070414,88.89417108844444,44.935838333388034
43.3085183353697,59.89337943449557,22.710173898266405
37.846002978913,31.547154890232033,96.3825352647214
71.7833681624002,4.426306437347316,67.39407960716719
9.830110836005378,56.677555966161094,2.351510235603127
77.8166783492193,58.45440381780532,1.3571515156672542
26.697927659216415,41.63480167532392,49.71753381507447
42.52053001048475,20.71499455882224,94.68169849524031
0.08448333574051503,27.684034356578547,68.29942260983344
67.34212113350306,33.002123400068776,52.45001924282813
38.155130281387905,79.64885745508337,64.57078999453417
62.059947730227584,97.38438195311562,18.42200525368476
52.3463737423515,50.176764660525045,55.643289872386056
5.926281055601612,90.71133753672378,45.96959767809331
57.11622350277642,67.6216064336316,82.34969225248804
23.39369132937851,37.41078146671881,18.64714132121228
26.27642880374107,26.975464149025086,16.13444371415339
23.22989939930089,17.836303207118743,49.07989619737293
21.928803586883937,40.01058918730816,14.680021261025411
44.14988015823683,84.35556691265491,72.70562118062226
9.612583818919873,88.6789965539785,19.555503378487373
28.201336359038777,93.95533402915217,9.538107176835132
23.675774868425858,0.035122558475009225,29.635345851854577
58.79367355147731,35.74522271924884,77.10737131007129
15.725527505912718,37.952974441397494,29.88350808404846
46.623758894767434,27.376189437883568,94.32689622196094
75.23375886277925,64.02889040735354,10.791369411897534
74.3917312296908,89.98096672949194,88.20323582887703
0.9089369055963692,1.4868346850603897,39.748209105566566
45.83905321549982,84.25085502757675,35.47912206291268
88.29676006513765,98.2814238015748,92.54921543541501
91.81093785444816,14.42224498661886,11.325037344412259
9.845283947289607,78.54500351062381,27.269743372409582
2.3310603894183934,37.93018730737467,39.143404585739404
46.43884496447197,3.6707924102047818,59.27187535063635
73.47174771444907,67.94441990758688,65.28087128329676
73.39330252988563,75.28091736304935,81.48336035440647
96.96050714960052,35.53183276884734,38.688927987253166
3.6547230735718417,72.24258068721974,17.488611401510123
81.86834426364761,15.506456995391149,94.66974918361497
58.40992306630164,4.190312417953934,59.17918179495481
51.232044501475414,68.70838891817316,7.059738333079157
28.821217394494536,69.5438535221267,64.04668069571518
25.830406584519285,71.7504468075462,66.93467888866388
65.0970050920152,94.18923396373633,16.631491889488316
50.50416462249846,44.74406620002842,41.92229869963532
77.44966531876982,57.142300596132834,6.381796555260932
60.24917261639846,66.69451167076225,10.184377671377831
40.89544736333258,29.756654405033178,18.78154226920654
7.135625253514688,30.60706664816326,44.12630824102949
19.961375527084257,57.65561612827314,36.54516962326586
30.23554825937509,27.667109729027416,30.712460473270177
36.42975789759615,56.17686192206502,63.35908841991785
59.64403027777766,42.65466152246316,89.92526422363275
26.70264313941253,78.73439759227732,29.53461592643134
92.99011502901945,87.72559250249972,42.74585003951361
4.115081999233627,83.55940897470761,57.88766641846863
79.41181006749946,52.61437205788958,75.84395705217977
65.10887836200934,48.25666543745542,50.63014439167639
67.84246562271248,88.87466455391187,80.59499142645372
44.9652785760969,73.18049799883933,18.396489446940688
43.3642417167464,29.92157884141501,52.172182292498256
21.114560168408858,15.54409609534787,66.27223552735411
18.207727422577413,96.72730969265201,24.94630089414095
61.440437198302966,58.32616883483171,28.738702388280725
98.94358840720855,21.20580671544253,65.54003783563721
45.600226362783815,95.65707924957661,67.61198804098167
63.86264556342452,39.94881402951799,80.95131770309939
87.34351223276694,98.04243279558106,18.4838456504982
55.510818972510535,7.764851968867815,96.01009480658428
23.299333931969734,32.332463090685195,27.657681949089298
62.543551082073414,25.75512086531795,9.999119270398982
61.95505396002541,62.966903774220185,95.9448409408291
29.161950418007308,90.06337151771518,0.8607078665478607
43.79403444691589,69.66650272338116,50.04965563847934
60.86315286255597,49.24828799603491,97.57398788265628
61.532883554853825,43.73805432400948,6.460192362812833
60.655701774288374,71.86003135565981,68.51353948852913
78.28459408539096,20.25987065833038,53.9047904943846
18.74524261101702,21.073199562486177,61.347797107079124
46.781340941219305,77.10658091051148,50.10944416254443
75.50359670468329,93.69236742003237,83.98875963904949
30.04446998421195,33.269249113304454,59.295542409688665
48.98165754998971,15.531581895276137,13.63451557535612
33.76287089286054,31.19354332278056,17.183678128268433
21.87138775198777,4.786404085266549,29.314504748394455
74.15678061504185,71.94550056546463,75.3510235114888
25.33278484857956,13.003232803321286,75.46618059309313
6.197720799227002,98.8185249331769,51.21889859267821
75.19089100780302,71.96110908483325,79.0746138273551
48.53936565252508,77.94696476429381,35.09444772682468
76.59526426533863,54.19831753449491,58.44875660760038
89.73714941040866,18.30968065187424,78.31738945872449
60.731875571541806,39.989404476871016,21.782484550990546
58.62748808427386,22.87499460996286,37.39647124825567
17.5339358707031,9.962548478240752,29.15671057528494
49.0014137429069,52.76012730658678,98.67575182407815
74.45869349057888,0.10254739427920656,38.62567771927496
89.8298843351199,88.338139385818,69.10946655646015
90.33063553378501,15.33907382419778,37.49939851265373
8.453624660705861,25.411371422448013,38.833463813130265
70.4113164772821,12.57389992497826,14.198202665932735
33.617603682664864,7.593870216358811,93.13117031577659
38.11239610887779,2.251509185969758,9.87384390396917
7.194030282395025,98.42320396358292,4.105537038077134
49.26488900646928,18.001673402328578,83.47793619962528
98.79284352785338,41.11178069184087,90.57870826148856
16.86520377524593,99.24648542153129,84.91991420387751
91.3744133458282,20.851885489548383,30.2624774503239
88.17670340542077,15.130900000318803,35.026471126050275
36.31779475109605,42.5741505034769,15.920684481859448
73.69166636018436,27.801807462221795,38.550045433306344
36.9433330758115,12.524439960257416,97.30681366464981
44.795449083918406,54.5915381894446,78.36934655326463
53.81896243090204,90.77286595294072,88.55899509617588
10.504992634026678,45.747184532054,28.90218382369889
52.75685544582225,63.94658677466282,73.50639281882553
46.984624421948816,68.38545626827927,56.447941494338714
77.63595919347023,59.229424141271195,77.15623695730434
57.57196296116464,94.00732786101246,14.634964624199576
80.8663920118747,69.37141939855283,45.49162069176135
8.630857576705942,57.08861241766551,75.98333231168638
25.15691010190825,8.223010605948799,27.40207791219277
54.18734411792149,42.513675788163795,67.08270347040953
32.20383950187563,56.32523803694098,67.55695772597461
6.931180714241725,85.83834273023172,86.03886684542823
10.763016773362843,77.24313457325013,39.36867545560777
32.456490070001976,95.94045365595835,70.96017313809404
54.1194100071693,43.65820090072295,97.52181184583638
65.0154529184481,58.378229206861775,2.192180431150992
87.58720848309181,78.01598086908159,49.332603679575534
78.4269243485104,8.569090500618392,29.04127829299562
63.2795171704955,46.112401834157026,31.590229505481826
17.846723805988752,19.710375165320915,14.992197678117813
38.59774041241225,98.45102108176201,19.343234423708942
35.31625023536045,89.7167017808847,53.80005502245282
76.06844599826029,84.31568202129465,18.106239879536258
96.06492915331461,57.35519360771262,42.09313461157325
93.13798793199774,96.54030117654392,5.919767811920062
43.07547209935792,20.96171343076396,90.01449359895985
92.7147058848874,96.88115435130075,58.929058429737104
63.57791747084664,60.79717379596104,72.52571665499352
38.552380623397134,30.55904191711224,50.59971809220415
45.35654535889755,36.85110489404242,17.8294260422991
31.559746314435465,46.25696994574743,82.34692772448757
73.12352684257516,46.88714706669316,45.09735219954252
91.77900941412433,60.13963030397178,91.03994667401788
17.280961803384898,68.69592095040717,90.84793549906234
61.179691265818,53.34078427056874,30.416587423522966
80.64598787152286,77.90130060923298,72.14477678390368
58.792534157648646,57.582217674686085,68.54640988169393
33.5972163245249,62.51352193295937,57.7699193599619
96.65995256549701,82.78776615831042,64.74648705897094
25.175349815271765,10.667134365203479,6.878922891382078
18.65333400859065,7.161880253867892,71.8380052158141
31.230362998061302,2.320245685185074,74.03264420712613
10.637109433283044,85.45849969785823,58.957235703153785
58.968494238363675,66.16390480832796,72.2565298618158
72.6923050351127,71.87439757382573,17.562735330660928
0.7010072654190735,29.605447409115705,1.1532196648481596
15.348001943662348,12.020846318092271,29.540037812323106
81.28219069857583,5.290278677704285,12.304959980781693
8.424985439150545,24.37556505820475,81.40032109443457
88.04715902513637,41.107977474212774,79.6345344963153
92.62389271776861,71.7364838244994,3.7923990943290575
44.67113756437377,69.56440647913365,51.76822840610065
55.37599985127578,77.94681423971727,37.896667627013706
15.422844427329219,63.34440877432461,70.49843573568468
85.88288847439587,62.75790435400452,86.63062917108975
84.55305970939577,29.958433183302702,16.049696652303215
2.546146893068435,52.86248845883455,5.708734875976928
89.31725316350892,98.13839658823494,92.1475667975628
81.81771607325268,20.623068801861844,51.00328803211234
33.66264009004413,89.7095030854711,53.78263561544898
88.52662668964287,97.37893173220372,83.60865284085546
77.65910476530034,85.65737357613608,63.239140560263294
77.25650232754082,54.546106669867456,74.49436481641962
83.78193651577612,58.21172663842147,14.069766342557056
97.16090889635127,35.16370112578363,82.59318334727115
95.00097665947575,19.883597633936233,95.18805246792671
68.96717592928626,71.35530268053381,7.9804356532612974
72.11062090614196,65.10747712753151,69.26294303849731
62.17300430882792,9.27804403106821,24.152310834206936
43.91346898063158,21.368246110249032,12.900835148088097
58.17904005852458,58.89716089696682,59.70731316909947
12.81028682608355,25.796448878659817,50.795977074922824
70.11127164058921,76.79388587615684,33.027928531273275
80.11354696085452,95.11640755823878,91.33972392396853
5.5573764402552905,48.4324237624028,79.13891872259846
61.76147659794553,60.561720029594404,67.88932618878263
83.60755074880703,12.579432215987218,37.36558758712217
13.175076386845564,69.22402869652426,12.246271087902528
43.19277596224107,38.27202996460305,97.90307324806791
27.853268278903553,18.418365045330976,97.26803469064829
86.6793860123823,26.77739453964467,27.00498338120464
13.15239962051049,61.1026502695036,77.33251901837123
71.26729502877667,89.11389381597986,29.59590069436554
6.8971767074797015,24.292387506123493,71.33039320535676
95.78189546066605,59.83070827505846,95.35502957861432
28.332255045298215,16.635530509493712,51.654239714884376
98.08107688532111,66.960422177951,99.89319166892145
52.95733128481164,36.23874738831544,43.601042013748625
78.09584550356422,35.875471494869835,40.24295802392782
71.45376001440187,55.05410198594425,32.53207617568413
67.28280336706143,44.39195899144802,54.528645410885936
2.24000524073501,50.68221433824062,99.57485612753875
66.23289766160354,43.818047153477,79.16463078494658
99.258699903632,36.110762434816756,52.464664166696494
33.58472847325952,40.86399972118213,25.920706604399257
59.21545226958693,7.358587849093279,42.98380694633634
35.711344741174344,73.79742742665827,6.248670071725582
73.72187193833634,90.26402039628385,40.694509708503965
78.5312339601074,30.703520775822966,79.67777519850591
26.883056985016896,84.21144854846591,51.35848414958058
21.044822992611934,58.15670683676929,29.19185337993564
95.20184579304822,27.097230798845995,17.23281764329161
44.187752514940016,32.57280307604018,64.20159583169517
82.70545751332205,17.878646020399803,90.08789735307045
68.20854860563324,36.58584579649943,70.89439696034766
46.99110770379297,77.56201356395242,15.158572302175067
42.23489373137363,56.318232009862044,74.0597755046275
52.12156372052296,42.3300117696396,58.070236355857695
78.67050179856084,38.45887850883156,21.570710590109897
29.664019541603658,5.036970842810462,67.95741799331455
87.6724653585716,12.030283862051338,28.433498613038832
86.10065907058843,75.95452427143302,8.181320835579243
92.4859327669599,39.93852050807249,89.93942405953307
32.91537401701681,24.2343444587112,66.57324354665933
39.394840916231644,10.411231715176905,12.41673949745029
71.73009363050105,88.60004952890918,35.35108819334163
76.21597512063782,51.57496389163691,97.89522241068036
69.12346850090961,31.215967843917035,8.436986613844999
10.535513144175434,28.406682989184016,70.6208502770362
73.68493528952479,98.39102550009291,59.989419288293064
54.48527577682447,11.407848242285324,67.64771988633773
35.72482224922135,34.604101211519975,16.73517287468387
87.88577320682906,16.370462656063513,27.1163117992929
59.72752949852522,26.296383296521043,26.862655682250068
59.85465951267601,24.62337056571886,96.89386864075811
70.25535411692597,18.15199823938921,37.49553103937947
6.409855106954209,96.35784008268251,15.622898125469753
15.72184976468468,67.19523006058799,36.80016136498669
6.036297921818168,65.24708676593363,60.980171206503506
73.55941074508313,55.710614858334395,17.44858650435187
72.2442866020129,22.863310045837327,59.64272220951676
21.83506423060705,90.73702300324688,98.80526548060867
35.590267909713006,8.815908617483226,30.709869292376624
72.86977412649954,76.62718125175857,41.21443695858669
41.886676854229364,6.479442146397152,70.2381910930915
30.045881484997782,66.86939234989478,56.839165320558905
8.50392084251894,12.374127903907972,58.35285621880146
54.62032519259762,91.85582048800734,49.763533307986194
4.6272424494859905,81.01540827867343,3.147485849599807
77.87587565478425,6.569696919112666,99.79442350564048
1.8346371191677813,64.48754969437344,7.503933209692759
16.360964039967484,56.795492714355234,47.855966039226374
54.27570498217121,57.25178421826874,33.65763234942904
58.36316949767494,39.02318838356754,9.994796769614556
1.238483083641384,8.412000338957615,18.804455043938383
15.554112209513127,4.2753132024984435,39.091340293783674
97.45267003641938,80.46927248324175,17.27576824915428
3.0092791494784388,59.42644929989985,83.73066165412699
1.7430907022085607,33.944069265629,31.2253626724196
17.82061055454016,39.935636521129766,98.14272776584997
68.68177427472656,70.7659106446765,51.75861762746866
38.55942672908592,78.97142998833189,71.57927611630434
80.80208594771798,43.13715428182485,77.51169135719242
37.898507440598635,5.207863519243849,35.36002458571667
77.9048804371098,76.13449509877626,97.70662643066635
3.066093353963173,94.42200102032596,69.88458184426877
81.98212347855605,62.878477892089776,94.7060739832414
65.70417853244001,93.49645727396783,45.44444112984569
89.26468762568788,66.47421884884183,35.65534784641524
12.165894728852766,97.5418967591366,98.33791669183073
82.88244294348667,34.84713716897942,13.253856766298632
77.22299439190861,38.911769848758205,64.66137430369876
31.311495075266983,25.03817482991063,79.59271416999691
77.32372328739639,40.780545512593235,57.30152186626882
44.30939760991972,65.81809328616977,85.16512283879281
41.58368468851218,74.55383439033852,12.80161608444802
12.01555439019042,50.241342539345446,57.85189224218232
85.2850913680384,2.6261294814695857,39.20928028842196
71.27734974004817,53.32433412643669,22.994727892327603
37.31313464943318,71.70709906645698,76.7458113655311
19.6627879579091,28.067156910409295,79.45355243131043
42.08271297233417,65.3430092201437,64.33146744574483
55.411533260082145,13.48745814893194,65.3082626674975
54.12599406654189,96.07443169031316,67.86284879390487
5.999596917230187,56.257428947255704,85.6119778384008
10.978259688478387,97.0283206887656,75.86128080602225
96.36089395723747,57.006823209594536,74.2543999642681
16.295399264498812,39.57863626675695,39.883816363734184
61.21227177275428,56.894135019870895,6.6484044686028305
82.55879332816083,54.42801852106397,27.291644019106254
83.95080652958734,1.8018868080935335,57.7128191949272
95.14454087615822,89.46736612242373,79.96150963134802
77.08602807985791,16.01161249336991,48.12440587338895
42.596004929557694,79.47600023373124,88.13736370485134
28.421289987354605,44.281454174226745,39.467428317639076
59.82619901839833,84.7036463730748,45.81633359445062
11.939483909601044,96.62555436908661,89.25192553223053
24.89280098681912,63.93471036007906,95.15422480305233
0.30798395837409176,91.07461950911456,28.188290360205947
15.930931278609961,24.58280309508557,88.13600151086945
98.6042556165237,47.29332465617989,56.48466316289193
28.058732058868806,83.76867672499317,23.57781458623083
95.34942965975273,27.131387992447053,16.577862874776518
85.28773698033676,76.94099505249906,32.13700569699734
26.613445760445376,97.02754120389392,56.14596759774696
56.603691170933665,69.31700364280664,81.04113776138823
19.207847567530077,75.58914559816469,49.521752148638065
40.95354233577717,5.99167727195108,57.07960516090766
41.305144086830026,51.32292079370556,6.738484138690371
39.31867206957445,31.098782802619418,91.07344220539304
38.442223524850036,78.25807646130654,90.04385615649122
74.8549882118334,79.0381611199291,12.278777015599163
0.5136871017967892,95.64298783779935,37.41792799681879
5.272510539763909,14.716576006016135,89.0634026030368
36.193808158197605,63.64943321380421,97.05670362451838
53.46124703050156,93.00713336513363,30.27257176723004
31.60125350772489,30.748209664714143,84.73229881805182
60.80037922587742,82.67755960351742,55.31615551816012
54.97823855837309,30.624436542909894,70.1015488876129
22.12254616415702,53.11539915764868,85.73276956185656
57.96758757770966,71.28068573578099,90.75819014876825
72.35643464205226,60.527696612261316,28.34676876987028
9.376341926220476,45.086847301062804,86.56525138810355
92.65296021779909,81.27195854405859,75.25254954814187
9.667109252115713,39.50870620086532,2.2744917021694233
30.62774453225875,80.61259122185498,88.76437584139593
57.018441215029306,72.37687838578088,92.682265694541
85.41269200415738,18.25018646254287,85.49000623252147
13.358142037254272,37.86891433890977,32.24117623120628
93.09354261362894,85.59272635704251,14.11287863200763
85.76701027669334,84.12009514973634,10.1202694456482
66.61579662780005,29.424231703157922,83.98611342813383
92.3190517470521,61.3366371530691,1.7209747903639938
57.016145056954116,67.58698131080098,31.095634443352616
22.837723953370315,61.9096403338665,72.69854393352004
96.1329157478931,40.763432977103456,53.07337418579839
99.32472098387852,79.38798316010282,37.607732478808046
87.09510474439845,1.635370796063007,61.495516943442496
20.96507182795889,4.070402306757548,37.66945690807788
20.06262588695752,38.015766643637896,51.523177245869654
79.08559114795267,7.865826246654617,25.451538337702907
30.957905492798034,49.17627873462174,1.7124275828443447
61.55912121732512,27.91871591326639,62.67211700677701
26.99616535315499,3.8853251364647123,3.97735887553603
11.307015526743246,40.38033732434593,93.95708408215418
55.02447246974411,89.82536976053258,40.02886918027241
79.49080077799782,29.833779016653097,11.165376332617438
77.47185392205267,43.84644564552942,87.44546802157525
97.70474409262839,59.6700155678624,14.460024016941365
87.00927793861915,21.83456876613925,46.072194446297146
71.2502416289921,30.892616492364798,3.3310667375900382
67.30801973369918,30.084821098310165,40.56812647860786
10.809359726930168,79.07124628329339,76.34003347216243
19.765593447037656,11.544501021375542,25.72475821712188
47.13636695229611,46.93318626275742,56.581089797735416
25.888380871119253,83.04163042104959,55.45626021626604
19.62002895163537,5.267012653495962,7.034288714879544
70.62188729207051,68.11683998193891,30.143859886691573
18.910988145352604,56.0445686895753,81.41302736272024
72.13549438887944,41.55674898159204,18.05252437766638
63.530753576745155,32.41775583396729,9.040456614060123
93.29208368749019,94.59904467196839,67.79008487162817
64.98774154430824,68.26741411661999,42.463365668882126
50.531624459611045,62.541217878340206,55.52844049627539
28.905473633929766,60.34392592462974,32.73980980755161
51.19383816541456,3.3432926818168895,6.254830029433622
23.320817819409502,47.42731794451994,30.406555280452917
9.265150460996995,31.086316380588485,68.30963814543274
64.72377846024546,72.40778544409811,7.090560546272162
18.57669852914715,25.308842310638134,17.635714805312563
1.5003437682096554,20.831971508440706,29.19691211990687
25.956347224764254,47.875680679824775,22.45397273880554
2.1013638089808717,13.471674955157365,98.47293313866169
17.56449249193247,24.742700742849554,20.6267380153359
33.68098466059721,7.791807997643973,10.541622239289639
67.36878031719243,63.07402065054815,94.50694513928055
98.19670059807495,34.38929622753294,28.191815132685004
85.1984855793631,67.23238741936525,16.73649476574154
18.341519741968927,44.58598236559348,84.9052490555951
25.660597673332376,8.819658373439243,17.567840401270907
84.88256863139382,2.32317693917502,16.145992477382308
50.19247165351969,15.919264818459434,11.822580454707465
57.87008865913743,25.712988609235886,50.37438944787026
65.37628039550009,39.85004302507789,8.428931933177807
17.92307909531855,1.6731042740373292,93.65467500409592
99.72603410163484,67.66926043507809,11.65125414900048
76.39106388045819,46.658895970642035,3.709033952262941
58.52818094688623,41.73725495904657,73.29873715646448
27.858039039592462,75.68268219855264,82.41392058815703
93.65115904104559,8.496197024496055,9.94898841896249
24.614510357859885,73.13427602093047,11.85979418248585
74.37696078553525,0.6201504394152013,64.9574587083439
65.98508490524516,72.65844068841501,48.4983399558666
26.912742339400864,57.50281828114445,5.7375459269406015
16.339143732442952,67.48829964361076,5.055205985553424
5.787240733294463,17.131435614498912,24.388443533964065
94.09857224354948,36.73073195829013,37.380328716968094
45.50613660894632,1.0569486212300139,64.6321958069417
63.49006740367452,45.03460308296279,62.866942208359745
42.81860136161003,8.698754599548753,53.81834137606312
88.47425378712414,19.558579031690794,27.190678605690653
49.43523445159519,60.71854528311913,60.839336120986786
50.177868709236705,26.382386941397318,43.27854383669478
78.14759552016606,25.841689587488947,91.13853596916964
22.438986863442434,20.444225040618115,36.27653707606046
69.83530910898556,40.557144024626155,92.23542418113358
21.98460401462303,6.8485972371420845,70.76672763770148
50.69667343810984,55.747443963944306,75.08040588821609
79.72632176832145,10.86560681419596,64.44892899198068
5.335470192545088,26.461925042582358,48.01884474943409
71.3835729246653,10.328025591233104,90.89850993189643
88.53294760338578,42.77840051630839,60.313633442278146
26.299096741608164,60.4871794786694,82.97296758881097
89.0262796696411,5.850065410859728,2.5562921301283903
76.61756407132717,46.5081591532008,40.15721787890413
14.464627950226594,19.523929928089245,80.65013348508474
13.38937030379862,79.0319649572545,27.533507414839555
89.10174449362593,23.135462303015018,48.40464807331728
0.716244182750092,70.01123639784971,80.10260847710042
81.65121349845408,32.48097746620985,11.969120827795122
35.66475486455756,15.527120529935146,52.39514863284428
65.11156114050713,76.32931697324376,17.747084615640464
56.2260262818281,31.07394253067216,17.763988855210368
38.0690011023553,90.69531958970511,38.57102270282534
73.80100892376896,68.98998728851144,70.0873180189358
78.9554176825098,90.74642220834332,13.52851386806262
74.67230432395287,65.54771148186906,96.07741937980403
80.28081201808875,62.66923571720368,62.156666884307064
99.2907569797703,88.6863594215616,29.308187895536232
17.54146371731846,74.12490330784021,41.157823667008365
52.54406328911717,79.85878981118036,12.048577846645447
22.340079239961707,44.332055389838864,46.107131796942845
85.37809320531088,37.08836730615608,51.10440725858605
58.7108284367149,92.38943870420782,41.14635062855595
4.137643277305269,94.8538007406579,98.66037624688565
67.94186706054933,86.6601150256661,0.7072886708496373
16.602616106383017,39.247931378741185,28.287630370481388
22.728183641640864,84.37081033764593,1.5623106279664456
17.09797965095321,22.46665658875502,67.24102671473176
32.553845394957904,22.593846988060772,99.95643750534832
77.24577380750245,95.97871144137923,79.67749798339521
50.76867340952354,76.7134928580423,11.61019845403166
68.89777372763814,81.4728583972465,95.96830749451873
93.61696029284136,10.571780022047117,82.79305687390024
75.07780905742338,51.54926159722359,20.613819623720186
82.45780612036432,19.804747079395746,19.47996796556789
7.683851059714852,11.90456707242047,56.56359971768645
3.0662081186124346,73.68526285101746,54.315346641048876
59.051282690835635,31.506035145683153,55.184310396146174
42.5838062634974,70.15163237822142,78.96664158287754
17.538833855755364,53.30066682134497,97.71337994755214
63.86558348414461,80.85105290965267,76.67389974015315
33.430133869543724,52.30213072495429,16.73883080912767
12.83559397900934,27.983683472294217,71.10363092581564
46.199664927553016,92.66328510173304,77.81061560884584
64.17292765148514,53.3401176977088,24.02784329170602
36.58485715743844,52.314710866198574,68.83179335153284
22.08047553689618,91.48585389550296,74.05884734478232
42.42051368625217,81.88165539632404,19.05836425526989
68.14000217451554,41.88630886806342,39.05571763804421
19.979116585555744,19.171983615836908,22.58169314597086
20.1101055351806,61.80609568800919,69.6927203890856
28.619763975636314,91.86340940937552,39.81679334796391
11.11914079762909,96.39925679290052,95.95872073480851
96.58118299679631,66.25775673261984,94.44308038792437
35.20148985134188,19.532033921313563,99.3704757392126
9.692777204546177,6.559404081140641,73.61260513619395
73.90381602773004,58.67874484232729,47.098984431871784
12.292509939188434,65.50605689315006,77.87284584823026
30.078671962571633,25.041050832298605,26.242456862940934
89.6502938771125,18.21243369770763,7.456831681283016
72.69767519125476,88.75147979597632,0.5598968609174415
22.1786255789432,55.61980728288381,90.56093021425774
50.99729237466597,34.70162504112925,13.254959176714321
25.484303028972032,88.68995925248313,9.170493282973046
72.32673663655376,16.97398243173822,77.25151914384709
69.24054233016042,24.756910722624216,75.12444755852324
1.9454828369227184,49.09057187675345,78.90923404327978
25.932239078739606,26.828915880845315,34.571498613540896
13.60986002107547,73.35487716918666,13.549442708075487
91.91662520301274,21.60113543052937,35.15560528707547
73.07552462049654,17.80061415223645,94.79838914020804
26.20656280232194,42.94880000337618,44.36375953593645
8.48881720241652,42.46017510555,98.77826952166019
10.341213695052065,55.82460055153636,35.85158439807332
2.4228140788569275,75.79517204758433,50.504124540465725
16.937501195696626,94.08959747357865,23.462629672598634
21.60374599863717,0.964033459739444,46.53997343177062
68.30694029276324,32.151745098414374,73.39915995004723
56.39620967453347,74.13772653090547,20.474247872223994
35.562988571683604,68.84046659005968,66.49545024827758
43.86813714300729,11.7687570591962,5.362687130534082
12.050115844478803,80.39170531509396,39.16009909361219
35.21395517884518,9.161232385559604,49.74655835966371
34.72453612214507,94.65954557574075,94.90109742876699
89.7430600746852,11.166382839185808,80.73373772357066
93.3241553590971,70.22514112958494,69.10650778809946
17.411374341757146,90.22695005726399,0.021999824265017676
61.53230804143121,53.090092573768786,76.53524698384673
54.44260848166721,41.17255471521063,96.98061244930769
71.8358773036268,66.56725667700249,32.67284123028126
86.43961807803653,63.806214269775,38.02888550862309
99.81779647723982,85.71791961984515,95.1064978528472
6.451903978465612,43.18280357985207,45.09564036092615
75.52544782404857,7.1860116969841625,5.746573258498334
71.60364479230601,46.66091113888328,85.82977255058533
35.256200863375355,69.83925919478868,38.56445751021216
82.49340313952925,85.50688719259841,81.02602403457128
30.346669745764064,47.070437188922355,18.199361065973317
52.76856947311678,37.113625158906146,9.738884166983052
4.014937853326861,46.233177775986114,50.19296549675144
33.01799244664229,25.8988302053783,12.888673532667127
11.304314023239282,16.65687342710903,58.521098613997005
20.852413477441722,46.03381408085377,38.91963757947444
9.982520213971824,78.26610235578684,83.8070633175444
69.49743266960932,28.816955585164116,3.2032620384221056
93.65272074770814,99.2174243491537,14.18242130045061
31.306399241127092,15.879305762460838,50.275159326199415
48.309235846942464,47.97055642902862,82.77659433102981
51.91223370859205,82.56577684086798,60.857937514394145
41.05162783948422,93.49026444858195,78.95857300050474
79.91561507588338,23.768691634242334,35.737315095184805
57.56294470606128,45.20550532681168,53.42643018970509
99.80357850846686,70.49945643806878,90.69862886751044
91.79038879719975,33.38691712303127,50.61120164699433
59.48090172367371,16.077936627042167,87.58813898448022
53.649770631776036,97.78880207623624,92.7169201603044
55.40680274026998,51.375956062380666,8.685504381865684
73.58561330614326,47.62298130739935,28.69151003480397
17.66471853597472,75.44972242084383,93.55449826189938
32.55494735354745,40.28215928051505,34.67669090277424
71.97325219219857,89.7333167997765,69.37924564971402
0.025589237038137203,54.06027673364525,53.48755235575222
63.88724313420544,81.27447350616141,54.97888743475503
78.75335435706242,29.020371986104987,63.69395852084758
64.78867435068213,65.12622272795426,95.50043636186113
2.1177477646122655,13.322900401522054,27.415057793763587
17.071342421014847,17.15043886312109,19.867243782653254
52.95699843114482,5.595100630179994,16.560515123307628
81.44786147946145,50.64089012102878,62.49190574217466
6.99026425185828,25.50234746541531,96.99975334053754
75.33395564997869,83.24662046806091,98.09769031830056
24.247120504581964,41.61929806281369,27.38471639951021
48.70632299470032,54.86523046344238,14.888128446123627
